90122
76693
3.0464
0.0819001
0.0402999
0.098496
-3.1689
-2.9322
0.095232
161219
194635
1.82067
-1.6869
-0.3271
0.121856
1.1667
-1.9551
0.164672
321078
323553
2.65933
-1.5677
7.903
0.195584
-2.589
-0.3439
0.256
614304
611997
1.70496
7.4762
-3.2521
0.425984
-1.4259
-5.2548
0.778464
1281551
1239869
5.33402
9.0192
4.6151
1.15094
9.8809
-2.7675
2.42803
2534493
2595954
7.27024
5.4925
8.5037
4.55475
-3.2122
-17.4307
9.66576
5075626
4874391
28.0515
14.1255
4.2067
23.3134
17.4044
0.9522
56.3704
10209093
10101638
137.869
-10.9224
21.6511
133.185
11.0955
22.7787
378.14
20065992
19879453
881.293
3.62124
-60.3472
886.968
-52.7246
15.9864
2821.37
