90122
76693
1.01171
0.0819001
0.0402999
0.104448
-3.1689
-2.9322
0.080704
161219
194635
3.3024
-1.6869
-0.3271
0.148288
1.1667
-1.9551
0.155744
321078
323553
3.39763
-1.5677
7.903
0.20992
-2.589
-0.3439
0.259072
614304
611997
4.4759
7.4762
-3.2521
0.475136
-1.4259
-5.2548
0.651264
1281551
1239869
5.0639
9.0192
4.6151
1.18067
9.8809
-2.7675
2.20979
2534493
2595954
5.87366
5.4925
8.5037
4.96742
-3.2122
-17.4307
10.7346
5075626
4874391
24.2504
14.1255
4.2067
23.255
17.4044
0.9522
58.965
10209093
10101638
131.4
-10.9224
21.6511
132.85
11.0955
22.7787
371.797
20065992
19879453
872.845
3.62124
-60.3472
885.959
-52.7246
15.9864
2659.96
